B_GSM886836	B_GSM886859	B_GSM886901	B_GSM886912	B_GSM887015	B_GSM887088	B_GSM887110	B_GSM887112	B_GSM887118	B_GSM887119	B_GSM887120	B_GSM887124	B_GSM887125	B_GSM887126	B_GSM887314	B_GSM887318	B_GSM887480	B_GSM887527	B_GSM887574	B_GSM887577	B_GSM887596	B_GSM887666	B_GSM887682	B_GSM887689	B_GSM887722	O_GSM886945	O_GSM886996	O_GSM887247	O_GSM887248	O_GSM887249	O_GSM887250	O_GSM887251	O_GSM887252	O_GSM887253	O_GSM887254	O_GSM887255	O_GSM887256	O_GSM887475	O_GSM887476	O_GSM887691	O_GSM887692	O_GSM887693	O_GSM887694	O_GSM887695	O_GSM887697	O_GSM887698	O_GSM887700	O_GSM887701	O_GSM887702	O_GSM887713
100127983_at	8.6811	4.4643	9.6642	8.107	9.1816	9.4233	6.5559	7.6869	7.356	7.6438	6.9871	7.9345	8.7478	8.4149	8.877	9.3303	8.2338	7.9938	9.6584	8.9173	9.6739	8.296	8.1868	10.129	9.4895	4.0345	5.827	4.2361	4.3579	4.9875	7.9147	4.3308	6.1384	7.2062	4.5305	7.4996	4.3571	4.4602	4.1246	5.2416	6.6152	4.3987	4.7537	7.2118	4.2008	5.1735	5.1272	7.2911	4.5511	4.6404
100131187_at	3.7783	3.4556	3.6921	3.5352	5.5307	3.7323	3.7562	3.7003	3.5714	3.9022	6.6351	7.2504	4.0486	6.5388	4.0496	3.8711	4.2082	6.106	3.959	10.181	9.1427	3.6183	7.9597	4.3111	9.5967	11.14	10.742	10.476	11.939	8.0503	10.201	11.035	8.8734	9.8016	11.039	9.9469	8.3683	11.043	9.4187	8.3663	9.1442	10.695	10.333	10.018	9.3082	9.9646	11.414	8.9444	10.532	11.403
10019_at	10.289	11.516	11.649	8.9909	10.312	8.5506	9.2396	9.879	9.5251	10.783	9.7585	11.079	10.313	9.3722	9.1219	10.872	9.2551	11.663	8.7281	11.522	10.355	10.328	9.9234	10.641	7.933	8.5015	7.9624	7.1879	8.0356	8.3719	7.9721	6.8617	6.4711	6.6638	8.4581	7.472	7.0866	7.8163	8.5309	7.8627	7.5465	7.2081	8.2973	9.0369	7.1014	8.5608	7.3881	7.8424	7.3054	6.0771
1001_at	5.7313	6.1492	5.6881	5.2519	5.6411	6.1975	6.1667	5.6716	5.8244	5.7812	5.7595	5.8204	6.3147	5.82	5.6364	6.1779	5.6899	6.6261	6.3853	6.8299	7.0645	6.7603	6.0051	6.5627	5.5865	12.917	12.436	11.199	12.691	11.339	12.382	12.227	9.8014	11.319	11.94	9.6176	5.9742	6.0019	8.3498	11.521	11.635	9.3596	11.5	10.006	9.8371	12.379	10.313	9.1221	10.294	10.108
10045_at	3.9491	4.279	5.4	3.7774	3.9358	3.8043	3.5664	3.9169	3.7214	3.4303	3.168	3.8959	4.2009	3.5631	3.9476	4.0359	4.0542	4.1885	3.9381	3.8926	4.3126	3.9958	3.6685	4.0234	3.7635	6.3262	7.7201	6.7476	8.5537	7.454	6.4336	8.0526	7.5627	5.9503	6.3766	4.8569	5.1458	7.0547	7.0069	7.2747	6.1866	6.8134	7.6611	6.9637	7.8491	6.8264	5.396	4.7269	7.254	5.7778
100507239_at	6.4042	6.4626	6.4908	6.5411	7.2557	5.7247	6.5096	5.5053	5.7334	6.5085	5.9589	5.9137	6.3513	6.1801	8.3296	6.0774	6.5869	5.8949	6.3068	6.4314	7.3318	6.3967	5.7933	6.6089	6.5139	8.1811	8.2869	8.2143	7.3891	8.562	8.2574	8.0753	8.0607	9.1377	8.7596	7.9342	9.0219	7.5534	8.0782	8.6273	8.6696	7.2579	8.4196	7.9337	7.3278	10.542	8.9244	7.7047	9.1201	9.1195
10053_at	5.1573	5.2948	4.82	5.9253	5.2249	8.3221	5.4882	5.2688	5.1976	5.5335	5.0826	5.1212	5.421	5.2745	5.736	5.9674	4.9957	5.1665	6.1138	5.5206	5.0766	6.9152	5.4799	4.9816	9.8804	8.6706	8.8357	9.6976	10.166	8.7951	9.6586	10.269	8.7687	8.4073	8.8466	7.869	5.2363	9.4343	9.112	9.2621	8.8146	8.8485	8.8554	9.3528	8.9929	9.1875	8.7772	8.0356	9.6791	9.2005
100628315_at	3.8087	6.7034	5.2174	8.2532	9.0142	4.1721	6.9963	7.6601	8.4753	6.5185	8.6077	8.1486	6.6142	6.2362	5.4596	6.9136	7.8629	7.1599	7.672	5.7791	6.0613	7.5863	7.153	6.2781	5.8974	3.5437	3.4642	3.3425	3.5877	3.538	3.544	3.4601	3.2051	3.5712	3.495	3.6325	3.5978	3.7147	3.5525	3.5641	3.4987	3.4313	3.4765	3.3536	3.4442	3.5937	3.6461	3.2941	3.6381	3.734
1009_at	9.484	11.446	9.409	10.838	10.784	6.7981	4.3342	12.216	12.252	10.139	12.389	11.788	11.216	10.766	7.8758	10.905	11.59	9.8448	9.5632	10.063	11.673	10.955	11.819	10.715	8.0828	4.1637	6.4307	4.6188	4.2018	4.3296	9.4747	4.0414	3.9698	4.1265	3.9487	7.2947	7.2228	8.2737	4.0858	5.4778	4.9918	3.9966	3.7918	4.0775	7.0151	4.2309	3.9705	8.2295	4.4391	4.1073
10205_at	3.8723	3.9668	3.8879	3.9515	4.0056	4.1736	4.2338	3.7102	4.0138	4.0261	3.8113	4.0165	4.4278	3.9752	3.9495	3.907	3.994	4.1273	3.9586	4.0543	4.0253	4.3206	4.1964	3.952	3.9586	8.3205	6.3919	6.1864	7.8223	6.3661	5.6311	8.6451	7.877	5.7674	6.8143	6.4925	7.3542	7.1608	7.8068	7.3458	8.1307	7.9934	7.2459	5.8796	6.276	9.1203	6.4025	4.3747	7.8388	7.4756
10207_at	4.0264	4.9636	5.5412	5.2969	3.9878	3.9103	4.6586	4.3878	5.3672	4.4622	5.334	4.3747	4.4134	4.3399	4.4394	5.4281	3.9492	4.3518	4.5536	4.7294	4.3883	5.691	4.4866	4.2776	5.784	6.8188	7.2089	6.956	7.6335	6.9997	6.2686	8.9977	6.9642	6.1819	7.2199	5.7949	7.4386	7.2166	7.5331	6.6308	7.0109	7.767	6.5539	6.6838	7.2412	6.5338	7.0176	4.7342	6.8734	7.4884
10256_at	4.5187	4.2391	3.8895	4.4042	4.1857	5.0142	4.1762	4.3682	4.903	4.0928	4.0044	4.2777	4.0344	4.128	4.2141	4.4177	4.3814	4.2665	4.1961	4.2789	4.2083	4.3959	4.4815	4.2048	4.7609	5.9757	5.4845	6.3474	6.8701	5.3381	6.2962	6.6676	5.8501	5.7197	6.6045	5.4822	4.6925	7.02	5.022	6.5667	6.2717	6.4903	5.8958	5.3428	6.2236	5.455	6.0335	5.5129	6.445	6.2838
1040_at	4.419	5.1662	5.8789	6.0134	4.5245	5.6334	5.0597	4.6796	4.5166	4.5841	4.389	4.8602	4.9383	4.3704	4.7267	7.7109	4.7618	6.2912	4.5096	6.6499	7.3886	5.6543	4.8489	7.43	5.6385	8.7583	9.3617	7.9268	8.7221	7.8579	8.4851	8.9324	9.3038	8.5573	9.0405	6.8906	9.11	10.315	10.116	8.3129	9.227	8.9106	9.9398	9.1307	9.4202	9.2687	8.0676	6.1437	8.5718	8.6704
10509_at	7.033	6.7351	7.5234	7.3449	8.2881	6.9369	7.8269	6.7376	6.5825	6.888	6.3092	5.5872	6.7633	8.0785	7.8829	6.8451	5.4778	7.2863	6.9515	6.4983	6.4859	7.9414	6.9065	5.9936	7.7613	10.193	10.659	7.7746	9.3676	8.6292	11.118	10.636	9.3365	7.6118	9.628	9.4856	7.8763	9.8261	8.6529	9.4634	9.8097	9.6718	9.8508	7.8873	10.28	9.6886	8.6058	9.4928	9.4322	11.062
10653_at	4.3636	3.783	5.7508	4.5754	3.8659	4.558	3.5184	6.6968	4.2844	5.2473	5.6384	5.9495	3.9949	6.2448	4.8954	6.1362	5.0226	7.8104	3.8916	5.746	4.2706	4.8446	5.4515	4.1691	4.4247	12.951	11.954	11.417	11.561	10.712	11.205	12.347	11.62	10.348	11.699	10.266	3.8491	12.299	11.106	12.238	10.999	11.069	11.75	12.146	11.147	11.214	12.004	10.023	10.792	10.717
10855_at	6.5194	5.2057	5.1201	7.7352	4.8217	6.1312	6.066	4.5446	5.5971	5.44	4.7984	4.7968	5.501	4.9888	5.1998	6.4744	4.8936	4.9233	7.3264	6.3919	6.2078	7.9773	5.3416	5.397	6.1324	7.8492	7.8357	8.4471	7.4233	8.29	7.9156	8.083	7.3947	8.057	8.1322	9.0892	8.0128	8.5587	7.5332	8.9468	8.594	8.0771	9.1297	6.9887	7.5898	9.0981	8.3239	5.5786	8.7225	7.2808
11033_at	6.5452	7.3966	6.9693	6.4273	6.3234	6.8037	6.1614	6.5502	6.4784	6.5859	7.9032	6.2939	6.4421	6.3539	6.6771	6.4774	6.5323	6.6835	6.5315	6.2462	6.5945	6.3575	6.6332	6.9665	6.8592	8.3478	7.5752	8.4893	8.6215	8.1167	8.0957	8.701	8.4136	7.7316	9.0218	8.6779	9.041	10.716	9.2454	7.5128	7.8199	8.2661	8.2635	7.6658	8.6103	7.9228	7.8432	7.5361	8.5538	8.459
11187_at	6.1687	5.0093	4.9906	5.119	5.0672	5.4616	5.0586	4.7656	5.1051	5.0686	5.1928	5.0746	4.9088	4.8752	5.5281	4.3889	5.0325	5.0829	5.0495	4.9884	4.9847	5.3238	4.8234	5.0727	5.7004	7.6622	7.2659	7.6196	8.5263	8.1942	8.7	8.6174	8.7675	9.2813	8.1621	7.0043	7.534	9.5049	7.6443	9.0372	8.9314	7.7475	8.9299	6.701	8.4218	8.3593	7.1688	6.4811	9.4886	8.7014
114569_at	4.2113	4.2452	4.7768	4.7778	4.142	4.2896	4.1584	4.0016	3.8696	4.1096	4.1506	3.9076	3.8495	4.151	6.0109	4.0828	6.6194	4.0485	3.9569	4.0685	3.8235	4.4515	3.9517	4.1564	5.1316	11.796	11.549	11.62	12.105	11.082	11.454	13.072	12.442	12.072	13.637	11.341	12.07	13.364	13.113	12.697	13.279	12.445	11.917	11.328	12.296	11.944	12.062	7.1443	12.137	11.857
116984_at	5.7334	4.0911	3.8383	7.4346	4.3648	5.0416	6.411	3.5542	3.6623	3.8681	3.663	3.5838	3.9572	3.6974	4.7815	3.4753	3.5664	3.8135	3.7045	3.875	3.9235	3.6971	4.2149	3.7689	7.0136	7.0259	7.8322	8.3875	7.5583	6.4041	6.4952	7.8651	7.6676	7.6136	6.6256	6.1949	8.0584	6.8369	9.102	7.3064	7.5424	8.1606	7.8322	7.8474	7.8091	7.6908	6.4603	5.328	6.7633	7.4115
119391_at	5.379	4.8703	5.4846	4.3679	4.0648	4.692	5.7348	4.9013	5.1161	4.0752	6.2122	4.2094	5.523	5.9675	4.0102	4.9841	7.0165	5.8873	3.9551	4.6689	4.3972	6.0976	5.7602	4.5569	8.5407	10.008	9.4367	10.655	10.265	8.7164	9.9958	5.4708	9.2048	6.1685	8.0654	6.4236	5.1685	10.189	10.871	9.9222	9.713	10.055	10.033	9.6865	7.7159	5.8289	9.5667	8.4505	8.8884	10.469
126353_at	4.8797	5.315	5.3558	5.1558	4.9536	6.1123	5.6046	5.7376	5.3326	5.4902	5.1587	5.4725	5.9689	5.058	5.0382	5.0104	5.4865	5.6342	5.1647	4.9125	5.1928	5.4529	5.8359	5.999	7.2685	7.0528	9.0223	7.1451	7.2124	8.4462	8.021	8.8118	8.9884	6.7088	8.3587	6.5349	7.5116	9.138	8.5524	8.212	7.9909	7.67	8.5928	8.2839	9.154	8.5313	6.383	6.6967	8.8282	6.5832
126695_at	3.9588	3.8194	4.0117	3.7554	3.7863	3.9163	3.9101	3.5805	4.0123	3.8769	3.7976	4.0184	3.8904	3.738	3.8205	3.9744	3.8938	3.8872	3.8586	3.5801	3.9392	3.7248	3.8811	4.0912	4.2718	5.217	5.2662	5.6807	5.783	5.431	5.5443	5.8347	5.4129	5.6734	6.4401	5.0791	5.3846	7.0518	5.4563	5.78	6.1578	6.3939	5.9784	5.5726	5.75	5.09	5.4161	4.6098	6.1055	6.2354
127703_at	8.3843	8.4811	9.0834	9.0054	8.2335	7.5747	8.8922	9.4942	8.7802	8.477	8.9209	8.7859	8.919	8.3252	8.0425	8.6564	8.3212	8.7928	8.5859	9.2718	9.4573	8.742	8.5441	9.1304	8.8466	6.5205	5.7274	7.6447	7.8066	7.7063	7.7406	6.9318	6.2079	7.5671	7.4897	7.0823	7.6978	6.9194	7.2114	6.9132	7.0666	5.96	7.8404	6.6307	6.2192	5.82	7.052	8.1433	7.3497	7.5625
128218_at	4.7416	5.0224	4.8373	4.8132	5.3212	5.0005	5.0598	4.8679	5.0139	5.0084	5.0263	4.8428	5.5153	4.9069	4.9626	5.1011	5.1501	5.5058	5.6416	4.9604	5.2407	4.7956	5.1712	5.4436	4.7029	8.8891	7.4623	7.8359	7.8845	6.4453	7.649	9.7453	6.0857	7.5932	8.5778	6.3045	7.9578	8.9115	7.6628	7.5917	6.857	8.26	7.6247	8.9761	8.4565	7.1682	6.8385	5.1976	6.6779	7.2537
1366_at	5.0073	5.6201	5.17	5.698	5.3176	5.462	5.809	5.6224	5.6275	5.8134	5.8191	5.2625	5.8173	5.3199	5.4885	4.7825	5.9236	5.2695	5.5201	4.9806	5.2708	5.688	5.4911	5.597	5.3026	10.39	10.341	8.856	9.3394	9.2945	9.4127	10.06	8.6285	8.0097	7.9766	7.1088	5.1371	10.62	9.679	9.7756	10.189	10.253	9.9811	9.0802	9.9043	8.3513	9.3185	5.4221	10.222	8.9893
139231_at	8.3879	7.4439	7.8928	8.0749	7.4792	7.9769	7.6145	7.3142	7.1243	7.63	7.3223	7.8908	7.3229	8.1559	7.7416	8.2686	6.4041	7.199	7.6774	7.1702	7.8208	7.8473	6.9584	7.631	7.9967	8.6869	8.704	8.5987	8.9925	9.057	8.1796	9.128	8.415	8.6334	8.7937	8.4705	9.1078	9.0088	8.764	7.7846	8.9951	8.5654	9.2556	9.2394	8.5713	9.0099	7.7207	8.9921	8.5725	7.8466
143903_at	10.225	7.9816	4.1364	6.9691	10.525	10.968	11.099	10.901	10.713	9.8668	10.491	9.5044	10.609	9.4902	9.1161	8.7625	8.6453	6.6613	10.337	7.6979	7.9783	7.1959	9.568	7.8881	10.354	8.4677	4.1874	4.1579	4.0091	4.2396	7.3729	4.7171	4.1113	3.933	4.4047	8.3195	3.9929	4.4593	4.1057	4.5127	4.4239	5.953	5.0336	8.2984	3.9422	4.4512	4.0921	7.4742	4.0727	4.8617
1512_at	7.0944	6.7259	5.885	6.0803	5.2079	8.3948	4.7481	8.0314	5.8373	5.1145	7.3594	5.4558	5.5538	6.9857	7.8053	7.0323	9.7062	8.764	4.3664	7.1079	5.6173	9.337	5.4382	7.6419	8.4537	12.216	11.032	5.7469	10.63	8.2531	12.229	10.037	12.912	9.9588	10.175	9.9765	8.5234	11.618	10.055	10.095	11.403	11.185	11.828	9.4318	10.729	13.395	10.583	12.265	12.792	9.5183
153562_at	4.7278	3.3997	3.7221	3.7166	4.1279	4.6929	5.8884	4.5039	3.6063	4.9944	4.7338	3.8028	4.7901	4.2533	4.126	5.0543	3.9196	3.5861	3.9827	3.6288	3.8148	3.8232	3.9015	3.6893	3.4634	6.3902	7.6599	7.7662	6.9577	7.7286	6.6371	6.9227	8.3293	7.7362	6.0421	5.808	7.6626	5.3593	7.6984	7.6604	8.3811	6.994	7.794	6.1965	7.9254	6.1561	7.3739	5.7611	7.944	7.5408
1601_at	8.7272	7.8822	8.9385	8.7011	10.561	10.498	11.403	12.008	12.18	11.498	12.047	10.806	10.923	11.155	11.115	9.7047	11.612	6.1127	11.125	6.194	7.6403	11.115	12.062	6.709	8.868	7.2503	7.2493	4.7214	4.9835	4.982	5.9518	4.9829	5.8234	4.7092	4.9331	8.78	4.5765	6.5596	5.5606	5.4157	5.1471	4.5589	5.1856	7.4284	6.6209	4.6033	4.6118	9.1542	4.6053	4.5468
161291_at	3.9996	4.156	3.8471	3.594	4.0373	3.9112	3.8531	4.2373	4.1246	4.1092	4.4489	4.3994	4.3086	4.1372	3.9378	4.0289	3.8907	3.8534	3.8639	3.983	4.1899	3.7156	4.7898	3.9239	3.928	6.508	6.3054	6.1388	7.2301	6.4769	7.1358	7.7106	6.2822	5.99	7.5633	5.3276	3.8967	7.4239	6.679	6.9958	6.5747	6.8688	6.2399	6.1929	6.3177	7.2476	6.7484	4.6058	6.5863	6.7486
1824_at	5.0639	3.9864	4.1331	3.9635	4.2263	6.1321	4.2937	4.1072	3.9641	4.0058	3.916	4.0165	4.3578	3.9808	4.039	4.1481	4.0148	4.3337	5.0298	3.9932	4.1278	4.0844	4.1829	4.0576	5.1868	7.3885	8.5617	8.6942	7.7455	8.3406	7.3661	8.5205	7.6673	8.1717	8.7603	6.7916	5.3589	9.3403	7.8652	10.218	9.457	8.0404	9.2581	5.4516	9.8513	6.9929	9.9438	5.7369	8.8347	10.77
1825_at	3.6147	3.6911	3.4801	3.8345	3.7452	5.4476	4.4234	3.5265	3.5686	3.6489	3.6947	3.5666	3.8131	3.6741	3.8084	3.5123	3.5882	3.5321	7.0729	3.7722	3.7551	3.5923	3.6648	3.8003	3.7625	8.0864	8.5058	10.262	9.9351	9.4961	9.5292	8.1626	8.3186	9.1958	9.0861	9.3042	9.9627	3.6504	7.0047	7.2437	10.182	9.5429	9.6079	4.8224	3.5128	8.259	10.659	6.9841	10.393	11.185
1829_at	8.9756	3.8183	3.7911	8.0438	5.4583	8.5277	10.159	5.6624	4.1467	4.8676	5.1223	4.0587	4.1492	3.8667	6.6342	4.6174	6.0499	3.9699	10.183	3.8504	4.3801	8.4592	3.9284	3.52	8.334	11.051	10.721	10.958	10.255	10.595	11.183	10.955	10.896	10.218	10.771	10.103	10.964	11.409	11.046	11.854	10.706	9.9342	11.052	9.0774	11.562	10.734	12.372	8.6625	10.682	9.6461
1_at	5.5048	6.7574	7.7655	6.4511	6.0397	5.5402	5.1606	6.0826	7.5175	6.795	7.5895	7.0974	5.8243	6.6613	6.28	5.9607	6.7686	6.189	6.7984	6.7868	6.7252	6.7908	5.6438	7.1891	7.0473	5.9845	4.8231	5.0079	4.5621	5.087	5.7896	4.6329	4.662	4.9073	4.7413	4.5816	4.4519	4.9424	4.4568	4.6684	4.8432	4.7189	4.716	4.7897	4.6514	4.9735	4.8634	6.1391	4.7323	5.113
2041_at	4.3801	4.5891	4.1406	4.359	4.3103	4.4056	4.4354	4.7073	4.3113	4.3593	4.4591	4.6842	4.5968	4.3276	4.5954	4.1567	4.201	4.812	4.77	4.7306	4.7687	4.4243	4.6648	5.0417	4.1882	6.3255	5.977	6.7218	5.8674	5.9422	6.6843	7.4323	5.9437	5.3147	6.0902	5.4781	4.742	6.876	7.0249	7.6388	7.1706	5.9756	7.2082	6.0982	5.9479	6.3034	5.9206	4.393	7.0924	7.4101
2054_at	8.0102	8.5168	8.9905	7.8425	8.2524	8.1543	8.5945	8.5218	8.7347	8.9219	8.5715	9.3632	8.5868	8.9594	7.9547	8.9622	8.257	9.3395	8.1252	8.8572	8.8105	8.3426	8.6498	8.4014	8.3578	7.3264	6.5172	6.8105	6.3504	6.1676	7.6479	5.3334	7.3561	5.3483	6.1323	7.6697	7.0149	5.2414	7.7842	6.6712	6.4101	6.2107	5.6425	7.2594	6.0924	6.0524	5.7709	7.6336	5.7059	5.2024
2065_at	4.4432	4.8192	4.721	4.5379	4.4143	5.1813	4.8452	4.8198	4.2535	4.4764	4.2848	5.0666	4.7878	4.3327	4.9747	5.2548	4.5203	5.366	4.2767	4.6493	4.6815	4.862	4.9302	4.9364	5.9701	9.4335	8.1233	8.7748	9.2338	7.1652	8.5352	10.667	8.716	7.5298	9.5987	7.7345	5.174	11.081	9.2889	8.7755	9.0273	8.8972	8.242	7.9297	9.5222	9.2011	9.0013	6.3568	9.422	10.354
2125_at	3.8596	4.4158	4.5864	4.0502	4.6536	4.8075	4.4691	4.2631	3.8794	4.4429	3.789	4.1713	4.1536	4.1222	4.6174	4.4073	4.0086	4.3832	4.3999	4.4059	4.3094	4.187	4.5799	4.5258	4.28	6.7449	5.5929	6.071	6.0076	6.0628	5.8751	7.1507	6.4325	4.7742	5.7216	5.8404	5.2089	6.5969	6.6692	7.2306	6.3804	5.2774	6.6746	5.3776	5.7424	5.9933	5.6865	5.2889	7.0604	6.9175
222484_at	7.8812	7.3526	7.0956	7.5001	6.776	7.9848	7.3577	7.5294	6.9565	7.1024	7.0183	7.4696	7.3629	7.2035	7.4975	7.7299	7.0603	7.361	6.825	7.1783	7.7473	7.6238	7.1339	7.9451	7.0995	7.8955	9.3499	8.3785	8.5614	8.0438	8.8305	8.271	8.411	8.2669	7.8649	7.5317	8.8839	9.5401	8.9053	8.215	7.9499	8.8765	8.1761	7.8794	8.942	9.467	7.9189	8.2762	8.871	8.7097
223082_at	6.6633	6.6511	5.836	6.5187	4.6221	6.7296	6.3125	5.4231	5.6782	5.9792	5.5382	5.7226	5.4652	5.7504	6.6336	7.2568	6.1671	6.4072	6.7317	6.4973	6.8609	6.3162	5.6999	6.7156	6.5648	6.1743	6.8315	8.5888	8.7982	7.8958	6.6065	7.3315	8.0187	7.9906	8.1648	7.2529	7.8255	7.4533	8.3312	7.4784	7.4774	8.1447	7.3961	8.8026	8.126	7.8935	7.3734	7.8839	7.538	7.8669
2260_at	7.5771	7.6833	7.4975	9.0201	10.176	8.0192	9.5922	8.9168	9.0589	9.0662	9.1739	8.552	8.2064	9.8875	9.3762	8.1285	8.406	8.1263	7.3905	7.4984	8.9033	9.2338	8.7484	8.2998	8.225	5.1054	5.0562	7.073	5.024	5.941	6.8217	5.3237	6.7636	5.8913	6.0125	6.7019	7.3576	5.4172	5.5926	6.218	5.3001	5.3164	5.0605	6.8952	6.0438	5.6025	6.368	8.8913	5.6541	5.7981
2275_at	7.1738	8.4025	7.8267	7.4836	8.0488	7.6866	8.0042	8.0937	7.4798	7.9014	8.0524	7.7883	8.0227	6.9344	7.6398	8.1852	8.1036	7.4419	8.1117	7.7739	7.799	7.5467	7.5951	8.491	7.7206	7.2197	6.651	6.7023	7.5935	6.707	6.7824	6.5972	6.2442	6.1546	6.1895	6.5087	5.6721	5.4196	6.296	7.0073	7.1401	6.0202	6.4109	6.3182	6.4581	5.4561	6.5458	6.6101	5.9242	6.1751
23086_at	6.3342	4.8883	4.4428	4.9059	4.8736	6.2735	4.5176	4.2388	4.8053	4.7688	4.4859	4.3215	4.8507	6.1007	4.7792	7.6234	6.3174	5.8754	4.7162	5.6874	5.2414	7.7525	4.7052	5.3792	7.2707	7.6815	7.6612	8.627	8.8623	8.7922	7.1721	7.1532	9.3989	7.4683	7.2551	7.6074	7.9767	9.5883	8.9338	8.3353	8.6541	8.9586	8.0156	7.3584	7.5801	9.6289	8.0131	5.2935	7.6562	9.4185
23179_at	8.4492	12.057	11.494	8.3766	9.788	8.7073	9.3905	9.8185	9.6162	9.9567	8.9561	9.2936	9.4586	9.9843	7.3173	11.821	11.187	9.8012	9.929	10.837	9.7709	9.7033	10.324	10.868	7.2767	5.7055	5.5984	6.2738	5.631	6.1924	6.7137	5.6625	5.612	6.2956	5.4164	7.706	6.3214	6.3679	5.7108	6.1494	6.2424	6.9427	6.2465	7.519	7.153	5.8822	6.8807	8.0215	6.6734	8.9748
23331_at	6.8536	8.1458	7.7906	6.5598	7.2928	6.3158	6.6321	7.276	7.4562	7.4389	7.6972	7.0911	6.4548	6.9769	7.4298	8.2355	7.2965	7.0553	6.2662	7.8913	7.971	6.1507	7.6113	7.4054	5.8675	4.6477	5.6015	5.7725	4.5001	4.7407	4.2722	4.2515	4.4157	5.7434	4.386	6.0925	5.0981	4.2361	4.5986	4.4138	4.4149	5.2238	4.1147	4.4759	4.9316	4.4972	6.0601	7.4167	4.5001	6.0168
23335_at	7.7511	7.536	8.4499	8.442	8.6577	6.9684	7.854	8.3683	8.1814	8.3852	8.1544	8.199	7.6852	8.7392	7.6578	7.8655	7.8762	8.0085	8.2752	7.6859	8.5212	7.8106	8.1208	7.8936	7.6535	6.8202	6.0251	7.4981	6.8419	6.6829	6.6742	6.9403	7.3231	6.6066	6.7201	7.0439	7.5855	6.5604	6.9835	7.7197	6.8673	7.2918	7.3309	6.5468	7.5758	6.3795	7.8484	6.9946	6.7937	7.0208
23624_at	4.1588	3.7296	3.6306	3.5107	3.5722	3.8223	4.0741	3.9249	3.5859	3.6461	3.9594	3.7187	3.6048	3.4961	3.5686	3.8321	3.6581	3.7958	3.6758	3.5342	3.9185	3.7166	3.6274	3.8165	3.8921	7.301	7.2035	7.2243	7.4585	7.143	6.3025	8.434	3.9035	7.0397	7.1434	5.0432	5.5686	8.3925	7.6031	6.7827	7.3058	6.6457	5.9185	6.2429	3.7526	5.0372	8.0301	4.698	6.6104	7.4264
23650_at	4.635	5.0773	4.8707	4.6613	4.9529	4.9338	6.6747	5.0629	5.211	4.9464	5.1041	4.6988	5.1137	4.6037	4.8027	4.4404	4.8538	4.7428	4.8587	4.8278	4.796	5.6844	5.3612	4.7563	5.5801	9.8287	8.8339	8.7501	9.8961	8.1462	8.2426	8.1051	7.7022	8.7129	9.1118	9.8851	10.408	7.7639	6.1731	9.2653	8.704	10.883	9.4688	8.5349	6.3192	9.6243	8.5585	6.5489	11.07	11.205
2523_at	5.1208	4.7959	5.0406	4.6913	4.8402	5.4494	4.8978	4.5423	5.035	4.4336	4.3683	4.938	4.7082	4.8924	5.0466	4.5363	4.9803	4.8567	5.1729	5.0291	4.9684	4.5762	4.2847	5.3518	5.3429	6.6536	7.1209	6.4582	7.2497	6.0915	6.0617	5.8542	6.309	5.8667	6.742	6.0664	6.4831	6.3356	6.2158	5.9494	5.7533	6.9319	5.7631	5.8557	5.8201	6.4965	6.2967	5.8731	6.3499	6.8435
25900_at	7.6259	7.1011	7.5343	8.9502	8.742	7.8613	8.3938	9.0919	9.0872	8.0148	9.0839	9.3917	8.7569	8.4303	7.7387	7.7793	9.3081	7.4696	8.1649	7.389	6.9187	7.8291	9.3383	7.007	5.268	5.1248	5.0661	4.6918	4.7804	4.7654	4.5583	4.6869	4.9347	4.8289	4.9665	5.3665	4.8441	4.7888	5.0235	6.0712	4.8036	4.8191	5.2055	5.1562	4.652	4.9019	4.5117	4.5398	5.1108	4.6846
25927_at	11.626	9.1917	11.482	11.101	9.8668	11.493	10.521	10.484	10.394	10.044	10.344	10.578	10.805	10.351	10.331	10.774	9.757	9.08	8.7485	9.6605	7.304	10.471	10.715	10.231	7.327	4.7078	6.0556	4.5143	4.1733	4.9424	4.1523	4.2035	4.545	4.6229	4.3774	4.5588	4.6337	4.0414	4.0865	5.8984	4.6358	4.2448	3.9572	4.1572	4.5827	5.737	4.5706	4.1693	4.3264	4.6055
25960_at	5.0718	9.475	9.2942	5.298	7.2034	6.1199	8.0491	8.4465	9.052	7.5593	8.378	7.6569	7.2514	8.7688	7.1295	9.77	8.4423	8.8858	8.4323	6.4906	10.353	8.6122	8.3313	8.8528	7.2372	5.0591	4.6663	4.968	5.4033	5.0476	5.3724	4.8087	4.7729	4.7615	4.9338	5.3958	4.6452	4.4247	4.7047	4.9596	4.5837	4.951	4.6466	5.1598	4.297	4.2795	4.7051	5.7842	4.8187	4.6127
2707_at	4.5834	4.4532	4.2422	4.9057	4.674	4.8596	4.5666	4.6557	4.7806	4.701	4.6018	4.4958	4.7578	4.365	4.7878	4.3514	4.4923	4.332	4.6386	4.2298	4.1517	4.5118	4.6958	4.5341	5.753	7.7149	8.8145	8.4511	7.9965	8.6785	9.9198	8.4758	8.4695	5.5885	7.9439	7.4897	5.454	8.6472	7.9205	9.1644	10	8.0765	9.3238	7.9567	7.5564	7.4467	4.8082	5.9725	8.6039	8.9262
2769_at	4.4905	4.9663	4.98	4.8946	4.9601	4.5284	4.9367	4.9114	5.0377	4.64	4.9134	4.7635	4.928	4.5549	4.5131	4.424	5.0339	4.8222	4.7056	5.1164	5.0104	4.3718	4.8582	4.8368	4.7745	8.4357	9.2497	5.9626	9.7555	8.7032	8.506	9.3338	7.5821	5.9232	7.6583	9.2168	5.3394	6.3518	8.9674	6.7561	9.3073	8.6228	9.0705	7.9599	6.7132	8.2916	6.0075	7.5335	9.9744	8.74
2791_at	9.2081	9.2551	6.4384	11.981	12.019	10.184	10.257	11.782	11.273	10.744	11.6	12.751	12.459	11.505	10.148	9.8748	13.246	10.981	11.258	9.9757	10.172	11.652	11.939	10.588	10.047	6.7127	5.1027	5.0519	8.549	7.6444	6.0426	8.1586	7.7728	5.6401	7.1087	7.9537	5.3323	5.5626	5.4805	5.2335	6.6467	8.5195	7.339	10.673	5.019	8.7473	4.977	4.8452	6.6967	4.9166
2810_at	6.4333	6.2992	5.9166	6.3353	6.5705	6.848	6.7761	6.3981	6.0685	6.1715	6.2791	6.5639	6.8932	6.2829	6.6981	6.5555	6.3816	6.3028	6.1226	6.1207	6.0403	8.4492	6.2795	6.3475	13.072	13.334	13.97	13.386	13.521	13.615	13.075	12.87	12.296	12.494	13.484	13.188	12.599	12.146	11.441	13.72	14.316	13.309	13.543	13.933	11.889	13.18	11.738	13.618	14.039	14.003
286077_at	4.5175	5.2871	6.0031	5.2851	5.3087	4.7588	5.4239	5.4497	5.3361	5.2809	5.1825	5.3609	5.3677	5.1332	6.6628	5.0756	5.1841	5.2925	5.4058	5.5501	5.1558	5.5095	5.3937	5.4976	6.0845	6.1787	6.2474	6.6788	6.9044	6.7763	7.259	7.1502	7.2391	6.8708	6.421	7.0394	6.9857	7.3649	6.2848	7.3393	7.2424	6.6719	6.7292	6.671	6.3358	6.1644	6.3845	6.4411	7.1527	7.1122
29911_at	6.2668	7.9179	7.5658	8.4789	7.9463	6.4392	6.9327	7.7388	7.5604	6.6547	6.9155	6.4417	7.297	7.0361	8.2968	7.478	7.5733	7.7089	6.5643	7.2361	7.546	7.6617	7.2079	7.3372	7.4209	8.5485	8.9209	8.8947	9.5388	8.1439	9.1423	9.3735	9.0127	9.3649	8.8983	8.186	9.6917	8.3458	8.4518	8.8946	8.8157	8.7541	8.4846	8.2482	8.5951	8.8477	9.5889	9.4109	8.4526	9.1758
29984_at	5.46	6.4869	5.4283	7.3236	6.8417	6.7371	7.1246	7.301	8.0317	7.0011	7.3846	6.6067	7.2907	6.4206	8.3607	7.5697	7.0608	8.1221	5.7248	5.4938	6.9457	5.9832	7.9834	6.0898	5.5352	9.3333	8.2219	7.9711	10.001	10.363	8.5775	9.4278	9.7678	8.6032	8.0472	9.8621	9.3073	7.7997	8.8288	8.0021	9.9975	8.3861	10.172	9.6351	9.7732	9.3343	7.231	7.703	9.3003	8.7742
30008_at	8.117	8.9347	7.4316	7.5333	10.696	8.9152	10.274	11.671	11.431	10.502	11.438	11.016	10.581	10.372	9.2831	8.6809	10.518	8.4663	11.151	8.4119	5.7961	10.474	11.576	5.183	9.1607	9.2534	5.8779	4.7219	5.0119	4.7873	8.7172	5.0368	4.9146	4.6173	4.9904	7.142	4.7124	4.4606	5.2246	5.3984	4.8546	4.702	6.102	6.52	4.9022	5.8355	5.4517	7.0239	4.7521	5.4107
309_at	9.2873	10.2	9.5118	10.228	9.2377	10.424	10.649	11.516	11.421	11.551	11.291	12.069	11.29	11.479	10.828	10.411	10.411	9.9521	11.406	10.392	10.658	10.612	11.183	9.6191	9.6224	7.3436	5.6815	5.7589	5.5698	6.3872	9.027	6.4278	5.6211	5.4283	6.7111	7.7009	8.4563	5.6657	8.1152	5.1256	5.658	4.1008	5.0569	8.3736	6.8514	5.3329	7.4086	9.2457	6.3281	4.7779
3304_at	8.283	8.1513	8.5257	9.5398	8.2154	8.3543	9.4804	8.6519	8.6419	8.2286	8.6979	8.6649	8.4637	9.7416	9.212	7.9392	9.1404	7.7927	8.7773	7.1588	8.5063	8.6517	9.1994	8.6562	9.2533	9.984	11.082	9.4879	8.9637	10.931	9.8258	11.219	10.898	9.957	11.326	9.4901	9.8006	9.7159	9.4991	10.059	10.933	10.049	9.9782	9.813	10.43	9.1707	11.069	10.462	10.087	10.984
348262_at	7.6619	8.2625	9.2995	7.549	8.653	7.4425	8.672	8.7775	8.3103	8.2887	8.37	8.7717	8.9806	7.6996	7.6263	8.2269	7.6992	8.5502	8.8964	8.352	8.5067	8.2617	8.3769	8.3177	8.3493	6.6189	6.7184	6.2159	6.9614	7.027	6.4847	7.9235	6.4092	7.0649	6.5022	5.8199	5.8066	6.577	7.0631	7.7322	5.6603	5.8665	6.8593	6.7359	6.0676	6.5809	7.3315	7.6975	5.9009	6.554
3655_at	7.9076	5.5754	4.8353	6.6382	6.9735	7.5555	8.2094	8.1511	8.1926	6.8509	7.3116	7.7322	6.6916	9.9341	6.5184	4.6434	6.6636	6.6607	7.5906	4.3654	4.1801	8.4951	8.0703	4.0114	8.0322	10.674	11.613	9.6553	9.7104	10.366	10.725	10.167	10.085	8.6755	9.4877	11.7	9.6768	11.081	10.662	8.7795	11.643	10.315	11.19	8.7051	8.7409	9.2934	9.0182	9.0291	10.406	10.218
3664_at	4.1835	4.1726	4.4097	4.19	4.1945	4.1712	4.3233	5.1285	4.3361	4.0742	4.2323	4.222	4.6997	4.8478	4.5281	4.0777	4.1618	4.4163	4.3239	4.298	4.2688	4.0027	4.4666	4.2196	4.1437	8.8748	7.9224	7.3614	8.3122	6.7465	6.2087	8.8475	6.2735	7.5142	8.899	6.7448	7.8851	6.3153	5.8696	6.199	8.7698	9.0535	6.8142	6.6546	6.7937	8.3019	7.813	6.0134	9.4261	7.2793
3673_at	9.2592	4.2589	4.1335	6.6537	6.2962	5.6127	6.0486	7.5417	7.3398	6.5099	7.2163	6.6921	6.7439	10.54	7.5482	4.1071	9.3954	5.4763	6.384	5.6745	5.3106	8.3854	7.3693	6.1891	6.9621	9.8874	12.125	11.754	9.668	10.518	10.792	10.669	10.919	8.397	8.9185	8.1231	9.7831	8.5958	12.105	10.435	10.254	9.9194	10.074	11.604	10.945	9.8378	9.7418	9.6846	8.525	8.9308
3691_at	3.8504	3.9371	3.8352	3.8181	4.0171	4.0552	3.8541	3.9387	4.0931	3.8548	3.9313	3.8491	3.7827	3.6845	4.1508	3.8175	3.8859	4.0027	4.0807	3.8134	3.8701	3.9469	3.9899	3.9923	4.9092	8.1002	8.002	7.0469	7.4078	5.8599	7.6651	8.848	5.5951	5.312	5.7991	5.534	6.0663	6.7307	5.1769	7.5855	6.556	6.4544	8.887	6.9087	4.7292	6.6319	5.9751	5.4284	6.4759	5.9496
3714_at	4.8084	6.0594	6.8469	5.0196	4.5192	5.1917	4.5226	5.0881	4.7178	4.6148	4.8109	4.5808	4.8785	4.7524	6.4678	6.142	5.2931	6.8452	10.03	5.6037	6.4756	4.937	4.7118	7.814	5.7515	9.7049	7.651	9.7479	8.9248	9.7246	10.429	8.043	8.5095	7.9659	9.2478	8.3726	8.3077	6.4031	7.4388	9.1629	8.9445	9.451	10.184	6.8005	7.0073	9.0503	8.1915	8.6186	9.1646	7.8314
3728_at	5.0704	7.0173	7.6744	6.9383	5.1551	6.5539	4.2378	5.583	5.133	4.9223	6.4494	5.7551	5.4466	7.4307	6.3843	7.63	9.2387	8.0385	5.4004	6.4239	8.1508	5.0267	5.2956	7.2866	7.7158	10.694	10.537	11.032	10.402	10.301	9.7379	11.665	10.287	9.4268	10.687	9.9486	9.0631	14.079	12.31	11.013	10.767	10.923	10.599	9.5846	10.64	11.372	9.9605	9.5101	12.145	12.054
388507_at	4.7997	8.0291	6.6838	7.5899	8.8583	8.5472	7.9474	7.0482	6.9369	6.6172	6.5111	7.1608	7.562	6.92	6.659	8.5802	6.1041	8.2465	4.6731	8.205	7.5152	6.9905	6.6564	7.8116	6.6515	4.7717	4.0642	3.8327	3.9384	4.1763	6.641	4.0421	3.8512	3.9482	3.8355	4.2779	3.8581	4.5572	4.6118	4.4432	4.3215	5.656	4.2754	4.32	3.8248	3.7356	6.23	3.6787	4.5686	5.7915
3898_at	4.5979	4.7694	4.7263	4.6748	4.4603	5.6568	4.6485	4.9602	4.9993	4.65	4.8378	4.9013	4.7481	4.7414	4.6473	4.4728	4.7559	4.6703	4.5915	4.3517	4.8305	4.6369	4.5458	5.2429	4.8037	6.4635	7.3028	7.8381	7.7555	8.4616	7.4073	7.7162	7.4969	6.9254	7.3618	6.4184	4.7634	9.5768	7.4209	8.4704	8.2695	7.9387	8.4355	7.0871	8.1411	7.2474	6.2783	5.6616	8.9818	8.3982
3911_at	8.5349	7.1669	7.8499	6.7737	7.9618	9.4541	7.0428	7.6214	7.7094	8.119	7.3061	7.4429	7.0124	9.362	9.4281	7.4307	7.7357	7.136	7.712	6.1176	6.419	7.7509	7.3381	7.9951	10.636	12.219	10.939	9.4036	11.115	9.7177	11.256	11.484	11.009	9.29	11.173	11.137	10.656	10.778	10.549	10.557	10.026	11.099	10.47	11.551	9.581	11.91	10.294	10.233	11.056	10.171
3914_at	7.5732	7.8413	5.178	4.8759	5.0147	5.1571	4.832	5.4707	4.7956	6.2063	5.9596	5.9577	5.9054	7.0171	4.7429	4.838	4.579	5.5514	4.2847	6.9473	6.1288	7.2321	5.545	4.4779	9.2398	11.426	12.759	11.522	9.9826	10.795	11.942	10.249	9.3034	10.428	10.411	9.5479	11.297	9.4614	8.7039	10.845	11.252	11.441	11.808	9.5827	11.036	8.9433	10.192	9.097	11.551	8.427
3993_at	5.7399	6.2537	6.4166	5.8983	5.6413	6.4414	6.0504	5.4877	5.6162	5.713	5.3885	5.3878	5.801	5.4667	5.4463	6.151	5.5076	5.9449	6.0418	5.9248	5.8167	5.2432	5.759	7.0952	5.2495	9.2379	7.3251	7.7442	7.5805	7.3953	8.1203	9.9037	7.98	7.6493	7.8103	7.6027	7.1755	10.105	9.1385	8.4694	7.2414	8.912	8.3675	7.9047	8.5513	9.0173	8.0123	7.054	8.7009	8.5564
4070_at	4.0063	4.2097	3.9074	4.4268	4.0884	3.8494	4.6068	5.2503	4.3284	4.109	4.7604	4.1618	4.9005	4.3083	5.1874	4.2543	4.2387	4.6216	4.154	4.7967	4.28	4.3209	4.5025	4.3015	4.3943	13.597	12.932	10.975	13.632	11.691	13.094	13.77	12.585	11.535	13.368	12.569	4.2173	12.102	13.296	12.804	13.554	13.195	13.382	12.523	6.9895	13.486	11.37	8.0936	13.516	13.276
4072_at	7.9613	3.9262	4.3619	4.1065	4.3876	8.9929	4.437	5.6284	4.2781	3.4155	3.9081	4.2827	4.435	4.1312	4.9328	4.0091	4.0086	4.3229	4.6206	5.3921	6.186	4.4658	3.5482	4.4152	8.4342	12.461	12.706	12.756	12.57	12.971	12.249	12.668	13.028	12.807	12.984	10.209	12.691	12.921	13.422	12.968	12.296	12.64	12.142	13.042	12.786	12.715	12.812	9.7369	11.712	12.73
4267_at	9.6239	13.69	13.603	11.671	11.691	11.197	11.753	12.13	12.43	11.725	12.218	12.194	11.66	12.09	12.409	12.013	10.608	13.484	12.087	11.989	12.466	11.8	11.953	12.197	10.029	9.6911	9.2235	9.4273	9.6702	8.8732	11.485	9.7025	9.3246	8.9421	9.4181	9.6049	9.8014	8.2063	9.7249	9.0414	9.8822	9.8726	9.3932	8.4354	11.639	10.609	9.1784	9.2509	10.132	11.223
4921_at	8.5068	9.4491	10.169	9.9131	9.2847	8.812	9.9891	10.574	10.362	10.831	10.085	10.599	9.661	10.973	8.5673	10.409	9.1431	6.8529	8.9355	8.5521	9.8797	8.9815	10.503	7.9272	6.9913	5.05	4.5633	5.0318	4.8817	4.9627	4.768	4.4926	4.8207	4.81	4.8194	4.8701	4.97	4.7843	4.8214	4.7753	4.4073	4.3544	5.1501	4.7379	4.71	4.8418	4.4772	4.5897	4.626	4.541
50619_at	4.5378	5.1845	4.2525	4.5714	4.8625	4.883	5.1065	4.618	4.6737	4.3938	4.3789	4.4729	4.7769	4.6796	5.1175	4.3938	5.7302	4.821	5.1131	4.7336	4.472	4.738	4.5546	5.6399	4.4754	6.5292	6.4658	6.6881	7.2802	6.6859	6.8883	6.7834	6.1495	5.7471	6.0963	6.6767	6.1398	5.3874	6.1612	6.8308	7.2896	6.2256	7.0331	6.4362	6.7183	7.6958	7.2783	5.7614	6.7933	7.9389
50848_at	5.1993	5.0236	4.8267	4.7991	4.3175	5.712	4.949	4.2804	4.3166	4.7141	4.8791	4.4513	4.8375	4.9503	4.9053	6.5141	4.5505	5.6267	5.3435	6.7797	6.6183	7.4157	5.2427	6.1008	5.9828	10.462	10.998	9.6167	9.5316	9.1607	10.719	9.7309	9.4557	9.476	10.111	8.4422	9.523	9.9238	9.03	9.4055	10.307	9.83	10.274	9.6579	10.049	9.9003	9.4443	8.0304	10.071	10.403
51177_at	8.5401	8.8234	8.3479	8.4451	9.3436	9.6568	8.3274	9.066	7.3091	7.8015	8.1429	8.3925	8.6302	8.8863	6.2139	8.5061	7.8022	9.2363	8.7737	9.559	8.7023	8.0571	7.6865	8.1253	8.025	4.7166	5.3852	6.4049	4.4062	5.9889	7.6064	4.2414	6.9496	6.0947	5.1046	6.7944	5.7361	3.7917	5.0176	4.7125	5.1961	6.3597	5.5117	4.7521	6.0786	5.1403	5.9462	7.543	4.9801	5.8886
5118_at	9.1498	8.9668	9.9064	10.99	11.726	9.9961	8.4068	11.593	11.265	9.9673	10.3	10.445	10.25	11.678	10.046	9.1781	12.32	5.973	10.805	8.0445	8.4717	7.0479	11.274	8.6752	10.751	5.4034	5.8157	6.2411	5.4672	4.8787	6.069	6.2035	6.4282	4.8988	4.9917	5.7129	4.3715	5.2413	5.3339	5.497	4.8221	5.0543	4.6782	5.5121	5.171	6.7291	5.2967	5.4375	4.817	4.9151
51309_at	9.1138	8.5277	4.1246	10.092	9.6972	8.3657	9.6579	10.672	10.262	9.5528	10.075	10.076	10.312	10.674	9.1685	10.012	9.1383	8.0014	8.6103	8.407	4.9621	10.007	10.077	9.0967	7.8215	9.5936	3.7515	4.0113	4.0487	3.8201	6.4457	4.4674	3.699	3.6345	3.7793	4.1174	3.4678	4.0135	4.0859	3.8831	4.2542	3.5853	5.9479	6.5102	3.781	3.6354	3.9365	9.3814	3.9473	3.5165
51599_at	5.3497	5.3205	4.9912	4.8618	5.9768	4.8308	4.8838	5.2896	4.5034	5.2443	5.5406	6.252	5.8852	5.9708	4.5957	3.8937	5.5146	4.3433	5.341	5.7695	4.6579	4.6371	5.5354	5.0271	8.5641	10.574	11.025	10.412	10.468	10.052	10.427	11.502	10.154	8.5056	10.893	8.5262	8.1175	10.893	9.3331	10.28	9.4265	9.3421	9.4249	9.2288	9.4123	10.013	10.831	8.7418	9.2781	9.4979
51661_at	6.2289	7.6715	7.8823	8.4505	8.23	5.9056	7.9355	7.7884	7.5977	7.4619	7.9382	7.83	7.7912	7.9382	6.9482	7.1548	8.17	7.7228	7.8237	7.8838	7.389	7.2688	7.3348	6.666	6.0021	5.2242	5.1933	4.7294	4.9915	4.9362	5.3933	4.356	6.1808	4.618	4.7242	5.5647	4.2911	4.7203	4.5231	4.5234	4.8632	4.9825	4.1538	4.4291	7.1279	5.1806	4.2145	7.6663	4.7947	4.5795
5268_at	4.0888	3.939	3.9305	9.5465	3.7947	3.9174	4.0568	4.2847	4.0241	4.1768	4.1252	3.9537	3.9012	3.7125	9.2725	4.2233	4.2822	3.9414	3.9612	3.893	4.2664	4.2533	4.2818	4.2322	4.2007	9.4042	10.116	10.424	9.3533	11.168	12.549	11.091	11.351	9.6702	10.42	11.982	10.972	11.612	10.514	11.973	12.466	11.024	11.715	9.1796	10.286	10.783	10.822	8.2733	11.544	12.036
5349_at	4.69	4.617	4.8632	4.9732	4.7429	4.9006	5.3491	5.0603	5.0257	4.96	4.7159	4.9341	5.158	4.7644	4.6844	4.9702	4.998	5.2342	4.7649	4.8412	5.2486	4.7822	4.9483	5.4515	5.0736	9.6825	11.328	10.314	10.754	9.4746	9.2566	11.155	9.1583	11.299	11.892	10.331	11.422	12.201	6.4064	10.557	10.228	12.026	10.945	8.4722	8.3362	12.032	11.992	8.5566	11.773	12.382
53836_at	3.7269	3.7171	3.9264	3.7166	3.9113	3.6242	4.2095	3.7989	3.8111	3.9892	3.6934	3.836	4.0167	3.8121	3.7464	3.6749	3.5526	3.8198	4.1674	3.6778	3.689	3.9448	3.9037	3.8362	8.2169	9.0605	8.9055	9.2809	10.475	9.9968	8.79	9.7897	10.197	9.5623	8.563	7.7858	10.71	4.2577	10.31	9.1256	10.66	8.2737	10.544	8.3191	8.2657	11.289	6.2498	9.1973	10.541	10.473
54812_at	8.6286	8.5594	8.5382	9.1756	8.1796	8.6158	8.851	8.4538	8.6188	8.216	8.3858	8.6082	8.6169	8.2289	8.3401	8.5211	8.2476	8.2663	7.925	7.6704	8.5006	8.1742	8.5191	8.4412	8.843	9.1094	9.4162	8.628	9.4643	9.089	8.7542	9.4877	9.0771	9.2735	9.1492	9.0585	9.1759	9.8899	9.7412	9.4125	8.7297	9.3704	8.8365	9.3767	9.5052	9.9475	9.0159	8.7809	9.2694	9.3565
54830_at	5.3189	4.5353	3.59	3.4123	3.6729	4.7717	3.6849	3.7134	3.5277	3.6469	3.537	3.62	4.1852	3.588	3.5274	3.885	3.7944	4.8711	3.8479	4.8129	5.2194	4.0115	4.0486	5.0178	5.7766	8.1805	7.083	7.8176	7.9539	7.4134	7.2338	5.3676	6.2937	5.9051	5.3855	5.7354	5.5325	7.719	8.5617	4.7018	7.2859	7.7694	8.3627	7.205	6.5441	7.9445	4.927	6.7317	6.9418	6.1542
54845_at	3.8282	4.0155	5.1187	4.0778	4.045	4.3228	4.0655	4.1024	4.1017	4.016	3.7725	3.781	4.1204	3.9681	3.7193	5.6173	4.1843	4.1613	4.1091	4.5172	4.7862	4.1766	3.9731	4.5298	3.9506	10.967	12.137	10.731	10.405	10.545	9.9737	11.692	10.404	10.786	10.159	8.7583	5.7342	11.165	10.322	10.005	10.749	11.3	10.624	9.7096	11.149	11.099	11.402	7.5416	10.533	11.609
5493_at	4.4887	4.0735	3.6463	6.5372	4.4654	4.8225	4.2841	4.6222	4.3653	4.4913	4.4563	3.9906	4.0936	6.4034	4.3348	3.8691	6.1588	4.3302	4.4425	4.3831	4.3676	3.8794	4.9017	4.1926	3.7857	9.2227	10.709	9.2933	9.7054	9.7028	9.0017	10.285	9.4795	8.3513	9.8872	9.3437	8.4298	9.0937	9.7184	10.927	10.03	9.886	10.117	10.293	10.311	10.822	6.6906	8.6248	11.175	10.78
55057_at	4.2657	4.3518	4.7268	4.5076	4.348	4.319	4.5501	4.171	3.9795	4.3047	4.1927	4.2077	4.397	4.2312	4.6276	4.5211	4.3991	4.5689	4.513	4.3758	4.6746	4.9636	4.4405	4.3427	4.8282	5.1851	4.9603	5.2561	5.4941	4.7636	4.8895	5.0816	5.2271	4.8762	4.8884	5.2633	4.774	5.3123	5.3582	5.0553	5.1363	5.3214	5.1327	5.0504	4.9692	4.571	4.5994	4.4046	5.4847	5.4116
55114_at	9.9628	10.772	9.6904	9.0266	9.9864	9.9292	9.8581	10.233	9.8117	10.066	9.7288	10.194	9.8609	9.9998	10.674	10.831	9.8116	11.998	10.125	9.5437	9.3573	10.276	9.8468	10.57	8.7562	8.1744	8.4278	7.9789	8.9289	8.443	9.2992	9.0205	8.1663	8.6734	8.1923	8.8539	8.2028	8.0623	8.5997	8.492	8.626	7.8873	8.0074	8.0147	8.6759	8.1686	8.1694	8.9506	8.5645	7.9423
55227_at	6.9301	6.1692	5.0956	8.0565	6.7073	7.7604	6.7913	5.7028	5.5097	6.3145	4.8792	6.5889	5.639	7.0531	4.7281	5.5438	5.3686	5.5341	7.8201	6.328	7.004	6.762	5.43	6.5844	8.4646	8.5416	8.4214	7.9596	9.7028	8.4032	8.3935	8.2571	8.295	8.0451	8.5225	7.4679	8.1256	9.2167	9.4342	8.3932	8.9456	8.4639	9.1435	8.6358	8.2741	9.5844	7.8134	7.1517	9.1671	9.6732
55612_at	8.3079	5.339	5.0275	5.2371	8.5324	6.0583	6.3487	6.7404	7.1903	5.1195	5.9676	5.9331	5.7483	7.4943	5.6085	6.1048	8.3969	6.0099	5.5397	6.0591	9.0205	6.7743	6.4759	8.8811	6.1904	8.6047	11.062	9.3397	10.148	9.7264	8.1568	9.2039	9.9266	8.641	9.0074	9.2392	9.6233	10.207	11.093	8.9698	9.6712	10.066	10.019	8.6069	10.223	8.5977	8.6867	6.7812	9.8423	9.715
55620_at	5.8047	5.7266	4.9735	5.345	5.5157	6.5534	4.8387	5.174	4.6505	5.1298	5.527	4.8782	5.239	5.0194	4.873	4.8918	5.2599	5.1182	5.5402	4.5075	5.0068	5.4305	4.6286	4.5439	4.6033	7.9046	8.2506	8.0086	8.8875	8.5047	6.6479	9.2412	8.3199	7.9996	7.5182	6.9563	5.0185	8.6119	8.886	8.0987	8.5262	7.9942	8.3892	7.6278	9.3686	9.1813	8.8344	6.037	8.9901	9.377
5583_at	6.8672	5.0727	4.4523	5.5103	5.1396	6.756	6.0907	5.8094	5.0308	6.3889	6.0864	5.5235	5.6084	5.0811	6.6656	4.4894	5.1996	4.1525	6.2494	5.6033	4.6945	7.5321	6.5122	5.4889	7.8218	8.5553	7.7716	9.0099	7.641	8.8423	8.3638	7.9555	8.1228	7.6004	7.2291	6.6001	7.9713	7.3883	8.0685	9.7476	9.0475	8.6609	8.902	6.8343	9.0412	9.5928	9.8701	6.5064	8.5002	9.2336
5603_at	4.7815	5.0798	4.6327	4.5281	4.68	5.7778	4.6883	6.0777	6.5384	5.293	7.7925	7.7715	6.5574	6.6653	4.7508	4.7939	4.9307	4.9556	4.7427	4.7748	4.9097	6.123	6.1706	6.8511	4.5136	7.354	7.0911	9.2631	8.7544	8.2524	8.5801	9.2007	8.1411	8.2286	8.3611	6.9931	5.0066	8.8616	9.7877	8.6218	9.5016	8.3613	10.045	9.0377	9.487	9.2288	9.2336	5.8184	7.2819	10.042
56181_at	7.131	7.9987	8.3219	8.9779	7.9373	7.0867	7.9336	8.2999	7.8957	8.0395	8.3869	8.1271	8.1033	7.8571	7.3324	7.9592	7.6103	8.7482	8.1774	8.1385	7.5832	7.7359	7.9491	7.6065	7.5702	6.8126	6.2758	6.3784	6.9365	6.1595	6.8168	7.1075	6.5147	6.9865	6.3165	6.8715	7.8365	6.972	5.7183	6.466	6.7013	7.1179	6.0475	6.5061	7.4206	6.908	6.4586	7.5786	7.0868	6.9102
56944_at	5.7712	13.663	5.8467	9.5871	11.198	7.0531	10.23	11.575	10.931	9.335	9.6708	10.337	10.082	11.013	5.2123	13.043	10.136	10.144	9.7675	13.192	12.471	10.655	10.432	6.7958	9.7457	4.7525	4.5922	4.555	4.7559	4.8043	4.531	4.7866	4.6021	4.563	4.5904	4.7417	4.4637	4.6111	4.7247	5.4929	4.6215	4.2532	7.1238	9.9923	4.4459	4.8222	4.5788	6.4534	4.8428	4.8109
57111_at	3.6579	3.8272	3.7066	3.837	3.8869	3.9248	3.7744	3.799	3.8277	4.2032	3.8197	3.9918	4.1162	3.9101	3.9705	3.6274	4.0821	3.8493	3.988	3.9363	3.9355	3.9405	4.0047	4.0267	3.9421	10.394	10.404	10.118	10.767	9.7037	8.554	12.042	9.3943	11.053	11.192	4.8243	3.8735	12.149	9.5815	9.9571	10.633	11.122	10.538	10.394	10.81	10.269	11.026	6.6883	11.409	11.088
57333_at	7.7503	8.6424	6.2504	8.8365	8.6933	7.9143	9.9937	10.447	10.601	10.354	10.263	10.156	9.9815	9.2445	8.8422	6.0439	10.154	8.0933	7.8572	7.9501	7.1186	8.9833	10.743	7.6337	7.8313	7.2075	5.0311	5.0871	4.7853	5.4996	5.1309	4.7433	5.0044	5.3135	4.9768	5.6693	5.1392	6.4807	4.897	4.8844	4.6048	4.6358	4.8786	4.8747	4.6196	4.9906	4.9926	8.474	4.9454	4.5326
57402_at	4.5564	4.1024	4.2379	4.0284	3.8667	4.5964	5.1248	4.2308	4.188	4.0051	4.2501	4.5274	4.5014	4.1333	4.6561	4.1022	4.0954	4.1482	4.2113	4.2571	3.9351	3.9064	4.5251	4.4002	4.2042	9.6415	10.121	6.9146	9.5945	6.6558	9.3939	10.693	6.6693	6.06	9.2629	7.792	4.9857	11.277	7.5934	9.2372	10.464	10.56	9.205	6.8832	10.642	4.9458	10.301	7.0847	10.172	10.752
57616_at	7.8004	7.8171	11.981	8.7358	10.269	5.8927	8.7454	8.6974	8.7947	8.0313	9.117	8.884	8.1188	9.4958	9.4801	8.1599	9.3738	9.0267	8.976	9.9568	11.89	8.391	8.2242	5.2269	8.6695	4.6068	4.9909	8.7408	7.6188	4.8516	6.9132	4.9578	5.9726	5.8076	4.7407	5.144	5.3592	4.701	4.869	5.5928	4.8588	5.3773	4.6624	4.664	4.3837	6.4419	5.8909	8.2128	4.4581	4.8395
57648_at	6.3328	5.9113	6.3428	8.6785	6.4032	7.7426	6.4904	7.6043	6.7195	6.8085	6.5961	6.6643	6.4119	7.2625	7.0656	7.6497	8.1861	7.4314	8.4452	6.814	6.7964	8.2982	7.2758	6.0965	9.1647	10.092	9.302	9.2745	9.5205	9.5043	9.5364	11.513	9.9533	8.5183	10.169	9.1751	9.1672	9.6703	8.8831	9.7937	9.9811	10.243	9.3849	8.5097	9.573	10.249	9.3532	8.839	9.9227	9.9399
5774_at	6.33	4.5109	4.2721	6.7057	5.149	6.7622	5.7404	4.8736	5.1944	5.9609	5.0135	5.2066	5.1022	5.3989	5.6476	6.5277	5.3456	4.9229	5.7	4.4828	5.8792	5.2817	5.3208	4.4231	6.6793	7.8963	7.5262	7.2053	7.1918	6.4242	7.0668	7.6644	6.6299	6.1259	6.8748	6.6978	7.1935	7.9085	7.824	6.2742	6.9035	8.1003	6.7941	7.0311	8.1243	6.4694	7.0111	7.2512	7.0929	7.673
5777_at	4.9806	5.8395	4.3354	5.1913	4.6338	5.2229	5.1786	5.3328	5.0983	4.6827	4.4353	4.5379	5.2542	4.5931	4.7071	4.5709	4.5314	4.9531	4.3871	4.8071	5.4793	4.7714	5.1654	4.6433	4.7827	8.3983	9.1239	5.9934	8.5121	7.489	8.7792	9.9417	8.2418	7.3072	8.4924	7.9871	7.1787	8.5437	7.7881	8.5308	8.0418	4.9401	8.377	7.5638	7.6502	9.1791	7.9087	8.2872	8.4553	9.4377
58495_at	4.7786	4.0972	4.7983	4.3341	4.5197	4.7544	4.4281	4.3939	4.4637	4.3212	4.1999	4.1884	4.4839	4.4705	4.6534	4.5363	4.4539	4.9151	4.3931	4.5836	4.8314	4.2898	4.3473	4.7446	5.8839	5.5418	6.6856	7.7391	7.5327	6.8632	7.142	6.8632	6.3711	8.0648	7.4746	6.1646	6.2843	9.5281	6.3102	8.6333	7.102	8.3492	9.4402	7.8584	8.0012	6.8765	7.7054	4.2738	7.9578	7.1099
6195_at	5.661	5.2122	5.6659	5.739	4.0672	5.5004	4.0597	3.7672	4.0094	3.839	3.8452	4.0784	3.9612	4.2572	4.7527	6.1318	4.4469	6.3976	5.0817	5.8197	5.2859	5.3793	4.0352	5.6503	6.7323	6.6073	6.0966	6.7493	6.7217	7.1273	7.1175	6.5342	6.8347	6.4313	7.7309	6.3315	6.4988	8.7741	6.1315	7.3806	7.6717	7.1758	7.2025	6.4141	7.0169	7.4508	6.4246	6.4045	6.8929	6.8884
6383_at	8.2567	9.771	12.098	10.083	9.2734	10.724	12.09	10.985	10.632	12.294	10.664	11.42	10.4	9.6561	9.5625	9.7632	10.295	8.31	11.474	5.9887	9.0809	10.126	10.497	4.4513	10.199	4.346	4.1428	6.4173	4.1647	4.7784	7.7764	4.3904	4.134	5.4687	4.4017	8.9454	5.8369	4.364	3.8897	5.7056	4.1443	6.4339	4.2332	4.0232	7.1411	3.9835	6.8027	10.857	5.2156	8.078
638_at	5.4839	5.6438	5.0308	4.6969	5.6078	5.624	5.3239	6.3229	4.8323	6.2663	5.456	5.978	5.325	6.0814	4.3643	5.4438	6.1163	4.5916	6.041	3.7596	4.9166	5.9997	6.0979	5.2933	7.1202	9.8153	9.1377	7.4936	6.9586	6.3987	6.9374	9.5773	7.4851	7.6498	10.404	7.5442	10.048	9.1922	10.78	11.082	9.7716	8.1394	9.7859	9.3598	8.4379	7.2786	6.8734	6.7592	10.142	8.4479
64073_at	3.9557	4.5665	3.9729	3.7054	3.3974	3.939	4.4069	3.9869	3.7897	3.8874	4.4156	4.2626	3.9126	3.9167	4.1283	3.3853	3.4971	3.8032	3.9848	4.1357	3.9162	3.6196	4.4129	3.8136	11.448	12.065	11.553	10.151	10.392	11.243	10.181	11.22	12.067	8.1458	10.877	12.163	10.134	11.887	12.031	12.225	10.656	11.14	11.871	11.875	10.15	10.014	7.7756	9.0731	10.85	10.464
642273_at	3.5156	7.7932	6.0195	3.7919	3.671	3.7092	3.7619	3.5721	3.5415	3.6025	3.7633	3.5842	4.1377	3.4393	3.7037	4.8022	3.9996	4.4123	3.6581	3.6388	3.5479	4.6073	3.9181	3.818	6.3237	7.5414	9.1691	6.2015	9.2576	7.6441	7.3219	9.9737	8.4918	7.1657	8.7886	6.6321	9.6389	8.2481	10.14	5.9252	9.3962	10.026	9.255	7.7182	9.1372	10.05	6.0876	6.5363	9.3097	9.3759
642587_at	3.9401	3.7568	3.6978	3.789	3.449	3.7455	4.7451	3.6931	3.7683	3.6289	3.636	3.6794	3.725	3.5062	3.8486	3.7185	4.1534	3.7121	3.4473	3.5146	3.3586	4.0508	3.6369	3.6123	4.1653	13.512	14.178	12.65	13.18	12.964	13.471	13.758	11.221	13.819	12.835	11.861	12.293	3.5719	11.656	11.632	13.223	13.434	13.408	11.597	7.143	13.434	13.488	10.566	13.43	13.249
64866_at	5.9727	4.7464	4.676	4.9324	4.8463	4.9432	4.8079	5.3583	5.0632	4.6776	5.0153	4.6585	5.1398	7.0098	4.7841	4.5146	5.1106	4.9751	4.7468	4.6602	4.9404	4.7434	4.9147	5.0222	4.6251	7.0803	7.3805	6.0226	7.2207	6.8388	7.2124	6.6047	6.4169	6.1692	6.7832	6.3759	6.7324	6.1881	7.6468	6.8058	7.0555	6.2582	6.861	6.7606	6.6305	6.2071	6.2424	5.3384	6.3542	5.9371
6590_at	5.4107	6.0787	4.8431	5.672	5.6584	5.5491	6.2829	5.1134	5.7133	5.5383	5.0809	5.7352	6.4897	5.1385	7.5594	5.3859	5.3513	6.1999	5.8717	4.983	5.4216	5.4611	6.0509	5.1069	5.408	11.325	13.116	6.6408	10.048	6.4129	8.3414	7.9302	11.469	9.2677	10.771	12.26	11.394	11.989	9.3264	10.595	11.066	11.949	11.081	9.0509	11.845	11.053	10.916	10.813	13.01	8.8492
6653_at	7.9188	5.4233	4.4128	6.9805	5.1162	6.9527	5.317	5.2183	4.9026	5.018	4.7375	4.561	5.3148	7.6399	5.7208	5.6024	5.8263	4.784	4.652	6.2423	4.5432	7.0306	4.8272	4.8894	7.0667	10.491	8.9852	10.073	10.274	8.9926	9.5645	9.8908	10.078	6.3403	8.7966	9.7044	10.215	11.137	7.2545	9.69	8.6742	9.7309	9.4325	8.9781	9.5477	10.17	9.7862	9.2373	9.9681	9.384
6678_at	9.4795	9.8412	3.8418	11.751	11.438	11.697	12.818	12.877	12.962	12.815	12.976	12.406	12.112	11.824	11.806	11.265	12.431	7.2818	12.734	8.1382	9.3258	12.593	12.769	7.5776	10.875	9.9925	3.7002	3.6805	3.8073	3.7163	3.8943	3.7207	3.7607	3.5987	9.9585	5.0009	3.7635	3.8016	3.8089	3.913	3.803	3.6915	7.5966	7.345	3.7353	3.6643	3.8998	5.6739	3.6931	3.921
6692_at	3.9987	4.9198	4.9217	4.3386	4.0415	4.4221	3.9461	4.2611	4.3292	3.9845	4.1084	3.9306	4.3022	3.9405	4.5883	6.4987	4.2049	5.1596	3.9528	5.8526	5.8629	4.0888	3.9038	3.9619	3.8995	11.054	10.18	9.0473	9.3411	9.2201	9.9857	10.114	9.7537	8.6289	9.4866	7.8876	8.6255	10.172	8.4316	10.104	9.8733	9.9481	10.035	8.8549	11.3	9.5807	8.8786	7.0214	10.909	10.071
6768_at	3.9203	3.7608	3.7343	3.8299	3.7386	4.2655	3.9541	3.8752	4.3153	4.0995	4.0836	3.6805	4.2884	3.8997	4.183	3.8201	4.139	3.7121	3.7329	3.8196	3.6699	3.9928	4.1193	4.1613	3.7411	8.3681	6.9451	7.8396	8.5912	7.023	8.8428	8.4615	8.6911	5.8835	7.8904	5.3279	6.5399	9.883	9.0142	7.6098	8.0951	8.2699	7.9896	8.2833	8.0485	8.013	7.699	5.4624	7.9423	7.0816
688_at	6.9804	6.0574	4.9994	6.2721	5.4033	8.0946	6.7567	7.8896	6.2845	5.4482	7.5944	5.732	5.2763	5.4955	7.6409	6.6059	8.0938	4.2403	6.4264	4.5269	4.9478	7.1895	6.8214	5.2019	7.8729	9.3212	10.993	9.6701	9.5585	11.002	10.319	10.916	10.447	10.63	10.373	11.335	11.056	11.558	9.5381	10.441	11.132	11.436	10.909	9.6292	8.5879	9.9946	10.343	7.8039	11.549	12.262
7464_at	6.0229	4.2381	4.1156	5.93	4.4959	4.9645	4.4635	4.4423	4.3181	3.9712	4.2036	4.9515	4.382	3.7486	3.9037	5.8521	4.0707	4.7149	4.4081	4.4037	4.067	5.5969	4.802	4.3076	7.4013	7.6822	8.771	8.7336	8.256	8.4199	7.4694	9.4695	6.9698	8.2022	8.892	7.9892	8.6517	9.5914	5.0298	6.3425	8.1357	10.304	7.935	7.295	8.2074	7.4932	7.8499	8.6593	8.5198	8.0748
7718_at	4.4483	4.4282	3.9076	4.8062	4.3208	6.1124	4.3261	4.1518	4.3277	4.0606	4.1636	4.1713	3.6121	3.867	4.5579	4.4184	4.1565	5.042	3.8874	4.9788	4.3482	3.9953	3.8674	5.28	6.06	9.1503	8.5518	6.8239	9.6908	7.9939	8.7297	6.4209	6.2352	8.7906	8.3744	6.5313	6.6538	7.3808	8.2643	7.9841	8.1331	7.9839	8.492	9.1139	6.9206	7.3524	8.6153	6.6992	7.0993	8.2632
780_at	7.0132	8.873	8.8415	8.1965	6.7878	8.294	8.2508	8.6569	8.5784	8.2388	8.4629	7.5196	6.827	7.6475	7.4858	8.3358	8.2622	9.2952	7.8163	8.9772	9.6024	9.1329	7.8801	7.9147	9.4443	11.722	11.577	11.144	12.507	10.42	11.449	11.866	10.046	10.067	11.001	9.7304	11.067	10.771	10.7	10.893	10.991	10.7	11.342	9.875	10.768	10.756	10.851	9.0943	11.082	11.558
79056_at	5.0766	6.6742	4.5642	4.9848	4.5701	5.3608	4.9426	5.0825	4.7766	4.6407	5.1507	4.7367	4.9271	5.0602	4.8338	5.3183	4.695	4.6048	4.8104	4.7847	4.7317	4.7811	5.0151	4.6309	5.0935	9.5325	8.878	9.2664	10.973	9.0471	8.2009	9.4218	9.258	9.4635	8.4227	7.3592	9.6956	9.0205	9.9743	7.2146	10.304	10.075	8.7259	7.1381	8.319	9.7347	8.0834	7.0458	10.962	10.264
79767_at	4.2554	4.4975	4.1912	4.3535	4.029	4.3897	4.1481	3.886	4.054	3.8036	3.7462	4.1227	3.7289	4.0757	4.5253	3.8824	4.369	4.4809	4.8518	4.4701	4.4756	4.4068	3.9653	5.5449	5.0185	7.8345	8.3872	6.4326	6.6468	6.357	7.0353	8.6201	5.9732	6.8985	8.2939	6.8809	4.4634	8.1311	6.7994	7.9254	7.5735	7.1917	7.3514	6.2019	7.3908	6.9652	7.3372	5.1606	8.4796	8.6546
79774_at	4.7799	6.3273	5.8625	4.5301	3.671	5.5535	3.6146	3.918	3.4403	3.8365	4.2191	3.9497	3.8931	6.2269	4.1336	7.223	3.9743	7.7132	4.2617	6.6598	7.2685	5.1999	3.3386	6.1394	5.3242	8.8562	8.0203	9.4661	9.3384	10.099	9.289	9.6103	7.5621	7.3619	7.8949	8.2857	5.9952	10.596	7.1257	7.142	8.6317	9.6938	8.0391	8.6071	7.9148	8.7687	8.6969	6.6342	8.9038	10.208
79827_at	9.4254	9.2707	4.0275	8.5238	9.9889	8.99	9.0477	9.9345	10.9	8.3479	10.57	9.9786	10.463	9.8851	9.7313	8.0838	9.4397	7.6812	8.344	7.8123	9.3067	8.7424	10.65	9.0542	4.7319	4.9854	4.218	4.0163	4.061	4.5022	6.0342	4.5408	4.5729	4.3323	5.3318	7.6232	4.4723	4.128	4.7286	4.7328	6.655	4.996	4.394	5.7077	3.9623	4.2375	3.9789	4.9764	4.6003	3.9995
7984_at	6.2072	6.7089	7.015	6.0587	5.0701	6.1405	6.9534	7.083	6.8752	6.7418	6.9223	6.7115	7.0419	6.5048	6.7646	6.9547	4.9021	6.8011	5.6401	6.1593	6.1923	8.2259	6.7583	6.2316	6.2888	8.3889	9.2195	8.6943	8.931	8.4628	8.2399	8.6686	8.0629	8.3469	8.0068	7.7694	8.5312	8.6462	7.9508	8.9822	8.3531	8.1683	8.6771	8.7848	8.8362	8.1117	8.2207	7.347	8.0721	8.9744
79977_at	3.9793	4.1356	3.7175	3.8662	3.9553	4.0729	4.3747	4.3172	3.9019	4.1114	3.9892	3.8717	4.2381	3.7035	4.024	3.9184	3.5499	4.2686	4.2439	3.9563	3.9013	3.5421	4.4944	4.0936	3.6052	8.6305	7.6233	8.4063	7.6707	7.8467	7.8462	8.7311	9.0687	7.7963	7.917	5.8166	4.0449	7.6606	7.5703	8.0823	9.0322	8.885	7.9617	8.131	7.9495	9.853	8.5013	4.4148	8.5234	9.4563
79993_at	6.0253	3.9228	4.3549	8.7053	4.2225	6.4303	6.0442	3.9877	3.6257	4.1569	3.7797	3.7933	3.8813	3.6577	3.8333	5.8679	3.8972	3.7317	3.7246	4.7877	5.4632	6.3723	4.0357	4.087	8.1776	8.4484	8.2001	8.093	8.7293	5.9609	8.4584	8.8597	8.8886	7.2893	8.1053	8.3334	9.0673	5.8685	9.6255	7.5122	8.0239	8.1679	8.8623	9.0917	8.2099	7.7827	7.5984	8.0519	6.1756	7.0895
80004_at	4.8369	4.2314	4.8761	4.0217	4.3585	5.9925	4.7467	4.1974	4.7125	4.1505	4.7113	4.9075	4.6582	4.7095	4.4361	4.2511	4.1218	4.2537	4.6742	4.5611	4.4874	4.4261	4.5258	4.7341	4.6491	8.4303	7.6558	8.0562	9.6311	9.0838	8.559	9.6896	8.467	8.9192	9.2253	7.4334	4.436	9.611	9.1855	9.8831	8.8031	7.8193	9.3739	8.1799	10.317	9.6743	8.4096	6.9906	9.102	10.186
83604_at	6.986	10.725	6.7236	8.4182	11.151	3.7743	9.5477	11.316	12.19	11.452	12.122	11.701	11.34	10.963	8.6286	12	5.1692	10.142	10.234	8.7962	9.8607	9.553	11.487	9.1467	6.3725	3.6646	3.9834	5.0122	3.849	3.7818	7.111	3.9614	3.704	4.1532	3.8481	5.6917	3.8983	4.7183	3.7934	4.9628	3.6585	3.6686	3.7921	3.618	3.8255	3.882	3.6311	3.6078	4.5739	4.1093
84056_at	7.2754	8.4746	7.552	7.7733	7.6875	7.3271	8.3711	7.5642	7.8146	8.8782	7.4978	8.536	8.144	7.9224	7.7265	7.5048	7.8661	7.6698	8.3094	7.8399	8.4435	7.1489	8.2073	8.3062	7.4401	5.8844	5.8099	7.0432	5.2685	5.5246	6.6239	4.8448	5.0225	4.6324	5.3579	6.2902	5.144	3.8691	5.4737	5.2079	6.5108	5.6098	5.3259	7.13	5.7601	5.6211	5.5024	6.9502	6.8537	5.9884
84168_at	7.5394	9.2073	8.4004	9.6387	7.537	7.4049	9.8744	9.2646	9.2213	9.4755	10.106	8.6637	8.0154	8.6848	8.5775	8.4208	9.8362	7.0082	8.0548	8.486	7.5358	8.8276	8.9805	9.0478	8.3171	6.4626	6.0299	6.2837	7.0206	6.8013	7.553	6.6925	7.8369	7.0619	6.0379	8.3191	6.4531	4.3931	4.4666	5.3599	6.6281	5.9676	4.8751	7.8669	5.7467	4.9846	6.1857	7.4522	5.7674	5.9008
84451_at	6.6929	4.4132	4.3278	6.0474	4.0865	7.0712	5.6841	3.9908	4.4811	4.5865	3.8397	3.9545	4.8641	4.5557	6.4789	8.2369	4.2119	6.8072	4.3536	5.6564	4.7308	6.6449	3.8682	4.6347	6.6059	9.1133	9.2149	8.1783	7.051	9.1787	8.0941	6.9518	6.9371	8.6013	9.6558	7.8017	9.0206	8.8721	9.796	6.9739	8.2931	9.7117	8.2337	8.4419	8.0912	9.3604	9.0249	6.7958	7.9024	7.9533
84958_at	4.7747	5.032	4.8894	4.4891	4.2945	4.7857	4.0593	3.9294	4.9894	4.3854	4.7435	4.5626	4.4746	3.8645	5.0179	4.7237	4.5306	4.8917	5.3264	4.2227	4.4589	5.3259	3.7206	5.6918	6.6352	8.628	7.9675	7.0591	8.4835	6.0944	7.6306	8.7152	7.2585	8.6393	7.8488	7.3382	9.1604	8.6882	7.5947	7.8422	7.7899	8.3825	7.307	6.8469	7.7076	8.3449	8.1226	7.5214	9.0092	10.004
85360_at	6.3866	6.143	6.4029	6.6342	7.5949	6.3252	6.6791	7.718	6.6546	7.3148	7.277	6.7427	6.7721	6.3147	7.9951	6.4463	6.6229	6.042	7.1021	6.1495	6.2289	6.5307	6.9943	6.3608	6.4419	5.1582	4.9114	4.9474	5.6337	5.6269	6.0859	5.4336	5.2767	4.9037	5.1683	6.3376	5.0898	5.0867	4.7417	5.1276	4.8726	4.7592	5.1976	5.5619	4.9023	5.3222	4.9389	5.9192	4.985	4.8881
85458_at	5.8652	7.4835	7.4848	6.7672	8.2412	6.081	8.1574	6.5956	6.7353	7.3616	6.84	6.6781	6.9218	6.5022	6.1546	8.1675	6.5119	8.2843	6.6649	7.552	7.6407	6.8547	7.1974	7.7034	6.5569	5.3305	5.3738	5.6497	5.3664	5.6896	5.6219	5.1301	5.3257	5.7502	5.4955	5.705	5.288	5.5741	5.473	5.5181	5.6105	5.5166	5.126	5.4783	5.2561	5.3708	5.8863	7.1952	5.1753	5.5211
8612_at	9.025	4.5055	4.9093	6.9713	5.0436	5.9812	4.3553	6.3201	4.3227	4.5094	4.1512	4.6852	4.5468	4.2435	7.1515	5.9162	8.4464	5.3709	5.6471	4.506	5.9647	5.0864	3.9403	4.6871	8.6573	8.6678	10.04	10.437	9.8839	9.7438	8.8204	10.435	9.9293	9.4145	10.17	8.0486	10.835	10.544	8.6936	9.0175	9.9692	9.4726	10.005	8.9775	9.7327	9.4853	9.5041	8.8202	9.2213	10.282
8673_at	3.5523	4.5049	3.6639	4.2964	3.9024	3.5297	5.6737	4.6957	3.6656	4.6243	7.4047	3.8928	5.4588	7.1315	4.0213	3.7725	3.4583	4.143	3.8162	4.3879	3.8373	7.3116	4.7022	4.3706	9.5279	11.333	10.493	10.671	11.598	10.225	11.012	12.268	11.46	10.82	11.286	10.868	10.45	11.62	11.63	10.999	10.744	11.134	11.726	12.171	11.595	12.234	10.556	10.38	12.113	12.13
8711_at	5.6039	5.7227	5.3946	4.9539	5.2438	5.5565	5.2978	5.1449	4.8062	5.1829	5.2609	5.0992	5.6917	4.8407	5.1235	5.3369	5.1332	5.5165	5.1134	5.176	5.5571	5.0064	5.3945	5.9999	4.6668	6.7819	6.5414	6.4446	7.1306	7.2377	7.3392	7.1663	7.2865	7.0573	6.7407	6.3708	5.6427	6.7036	6.0898	6.9185	6.5925	6.2282	7.2977	6.4996	6.1654	6.8613	6.4022	6.3864	6.8442	6.7534
8906_at	7.9504	7.5226	8.5499	6.2824	6.2197	7.4337	7.5834	6.0106	6.2199	6.5176	6.718	6.3583	5.9891	6.2363	6.7678	7.0175	7.3267	7.6071	6.1497	7.8016	7.6791	7.5546	7.2067	8.0038	9.1267	9.0515	10.347	9.6268	9.6269	9.6649	9.0137	10.087	8.6104	8.2303	9.6313	8.8679	7.8802	9.3831	8.6955	10.371	9.2528	8.6955	9.0107	9.0015	9.6479	10.026	10.046	8.7704	10.269	10.022
89796_at	8.3155	8.0362	6.7611	8.6341	9.2548	8.0647	9.5915	9.4201	10.058	9.5967	10.322	9.7527	8.9193	9.2234	9.4403	9.7387	8.5767	8.745	7.2027	9.2437	7.7855	9.2673	9.593	7.3153	6.9204	5.9829	6.2512	6.5282	6.1724	6.2014	7.1454	7.0125	5.7501	5.4694	5.2493	6.0059	6.1383	5.4308	5.9726	5.23	6.1705	6.7018	5.0353	5.7503	7.8128	6.5708	5.5143	8.2245	6.8157	6.9861
9053_at	4.2832	3.9709	3.8584	4.8166	4.1322	4.1001	4.1367	4.2977	4.2959	4.5927	3.9319	3.9261	4.4227	4.0636	3.954	4.0129	4.0488	4.0414	4.0001	3.8786	3.8631	4.241	4.2999	3.8589	5.1532	8.4846	9.0318	8.3757	8.2513	7.6778	8.3887	8.3344	8.0179	7.9593	8.6919	4.8741	7.1344	8.6806	8.6869	7.1752	8.281	8.4781	8.2274	8.137	9.1306	7.9702	8.1483	6.3009	7.5065	8.396
91862_at	4.8461	4.768	4.4071	4.5101	4.5325	4.9402	4.7255	4.4463	4.6312	4.4278	4.3487	4.5174	4.7931	4.1786	4.9931	4.9355	4.6649	4.4865	4.7966	4.6566	4.8157	4.784	4.7318	4.7291	4.7814	6.9172	7.1277	6.837	7.5615	7.6941	8.1319	7.0446	6.4761	6.9022	6.8864	5.6152	6.0412	6.6418	7.4153	6.4096	5.6937	6.1828	7.1545	6.5797	7.323	7.3926	5.85	4.7462	6.5077	7.0857
92359_at	5.5018	5.1789	5.1726	5.1636	5.4788	5.6266	4.8351	5.0911	5.2885	4.9434	5.3484	5.2279	5.4324	5.2056	5.3492	4.9989	4.9935	4.9895	5.5535	5.0945	5.5004	5.5489	5.8904	5.3021	5.3266	7.3116	8.8976	7.385	7.1726	7.5153	6.3927	7.838	6.5712	7.6543	6.6071	6.9728	6.2636	7.0024	8.2326	6.8497	7.2708	7.1079	7.3006	7.5229	8.1496	7.1943	7.1718	5.4666	6.822	7.7529
92421_at	7.6514	5.2282	4.1325	5.4126	4.3673	4.3934	6.0726	4.1996	4.1904	4.1453	4.4393	4.6208	3.6054	3.9125	4.4116	4.1521	4.5105	6.7288	4.0765	4.0205	4.2815	4.6747	4.3442	4.8966	8.2393	9.7488	10.638	8.549	10.055	8.6842	8.9526	11.08	9.8083	9.4775	9.0126	9.2422	3.9858	10.895	10.038	8.4368	9.0143	10.774	8.9826	9.0887	10.87	9.3655	9.0911	7.3625	9.4804	10.456
92714_at	6.0335	6.2794	6.2121	6.5609	4.9882	6.1054	5.9371	6.031	6.3678	5.5127	6.4173	6.2301	5.6403	5.9097	5.3749	6.5603	6.0819	6.7138	5.2894	6.4328	5.943	6.4291	6.539	6.3415	6.1481	8.021	8.1411	7.1493	9.1458	7.2564	6.7573	10.021	7.2075	7.3824	8.4579	7.4561	7.3026	9.687	8.0915	7.0098	8.004	8.4452	8.0558	8.5795	8.4791	9.0073	6.5203	7.3218	7.8486	7.9767
9289_at	5.6222	4.6861	4.9721	5.7642	8.0712	5.2661	5.1014	4.619	4.9132	5.0809	5.0727	4.4391	5.1183	6.7	5.4881	5.3667	4.6881	5.1689	4.7412	4.8428	4.5915	6.86	4.7833	5.0122	8.1389	8.5756	9.4057	8.5711	8.6977	7.5736	7.5057	8.8772	8.6636	6.7671	8.191	6.9047	8.54	8.7065	6.7499	8.7998	7.4863	7.3532	8.1233	6.9865	9.9498	9.1479	6.4542	8.3	9.3704	9.1695
93099_at	4.9579	3.9851	3.7787	4.1924	4.1832	6.1448	4.8464	5.3808	5.3995	4.2653	7.1616	4.3977	4.5212	5.2475	4.4306	3.8427	7.1344	4.0235	3.9113	4.0127	4.141	8.7581	4.6344	4.5061	9.4691	11.147	9.9137	10.841	10.816	10.431	9.8052	7.2303	6.0254	10.94	11.451	10.288	8.4066	8.1472	10.1	11.29	9.6321	9.9843	10.01	10.974	10.318	9.2799	12.016	10.984	10.381	10.262
9315_at	3.5768	4.0257	3.9016	3.8225	3.9519	3.9912	4.6337	4.5731	4.1844	3.8539	4.2179	3.8911	4.2	3.7642	3.9697	3.7801	4.1073	4.4293	4.0389	4.2417	4.2136	4.0489	3.7642	3.8777	4.5481	3.0858	3.3219	3.3173	3.2702	3.2831	3.3954	2.801	3.5099	3.1107	3.9481	3.4365	3.25	3.0956	3.532	3.2782	3.2007	3.0401	3.275	3.2755	3.4858	3.248	3.4196	3.805	3.0333	3.2729
9620_at	3.8833	3.7311	3.8004	4.2465	3.8529	3.9033	3.7816	4.0998	3.9373	3.9233	3.6718	3.855	3.934	3.932	3.709	4.3607	3.9814	4.0098	3.8869	3.9152	3.982	3.8968	3.809	3.8713	3.9293	4.8389	5.0054	4.8911	5.0428	4.9169	4.4467	4.9174	4.9006	6.0416	5.9845	4.476	5.4088	4.7327	4.5673	5.3135	5.1631	5.1853	5.4567	4.5496	6.0717	4.8429	4.721	4.9282	5.6294	6.04
9771_at	5.6229	7.6901	7.7632	5.4242	5.105	5.1066	4.9871	4.9877	4.4964	5.1621	4.8076	5.3067	5.3319	5.1355	5.068	4.8919	5.4778	4.8464	5.1614	5.7078	4.4155	5.0647	4.5398	5.1806	5.8976	6.724	6.941	9.9914	9.0224	8.728	7.804	7.1922	6.83	7.6737	7.8418	7.2697	7.8818	8.7943	8.8443	5.8887	8.159	8.2301	7.8222	6.52	7.554	6.4196	8.4242	7.0271	8.5154	8.6587
9823_at	10.643	10.419	8.6487	9.8586	10.899	9.9636	11.164	11.777	11.488	10.955	11.179	10.686	11.483	11.097	9.4021	7.8736	8.983	8.5939	7.2026	9.4092	5.7671	10.046	11.425	9.2868	11.013	9.5142	4.267	5.7613	4.516	4.4041	5.0991	4.3488	4.6204	3.9439	4.119	6.8904	4.5634	5.7457	4.8335	5.0513	4.6148	4.0766	4.738	8.5652	5.7838	4.2243	5.8069	10.903	3.9144	4.3111
9982_at	4.5395	4.2455	6.8748	4.4295	4.5701	4.8754	4.9726	4.5337	4.6714	4.6187	4.551	4.6206	4.7566	4.518	4.5914	4.4562	4.5703	4.707	4.5533	4.7288	4.4505	5.797	4.7347	4.7784	4.616	12.196	10.33	10.266	12.18	11.319	12.296	10.06	6.5988	9.1592	9.4436	11.852	9.9042	7.6796	9.148	12.441	12.587	12.697	13.551	5.7001	8.2169	9.658	10.764	4.9919	12.401	11.038
999_at	4.5008	4.4259	4.3239	4.2208	4.3942	4.4542	4.5792	4.4473	4.5921	4.4367	4.9542	4.7238	4.848	4.1144	4.5056	4.5101	4.3138	4.2587	4.2908	4.8716	4.357	4.5739	4.9149	4.7025	4.3445	10.933	10.987	8.8425	10.687	7.921	9.6811	10.921	9.1022	8.9531	10.14	7.6877	8.8863	10.344	7.6662	10.007	9.8003	7.8246	9.8857	9.5621	10.637	10.532	8.812	7.1866	10.096	8.739
